world: 64e184e6-0d44-4758-8692-22ddb9ab48cc
world-name: spawn
x: 21.85162066044078
y: 68.0625
z: 244.6199092409634
yaw: 317.6753234863281
pitch: 21.97239112854004
name: spawn
lastowner: 27afa972-c0d7-332d-9338-ea2343f177e9
